GHAPTERS.

1. 01 111 mrum! 01 comm
101 111 1001.
11. 01 111 001001 11181101.
111. 01 111 11111 1080, 01 1111
111001.
lv. 01 11111181 1011 001001.
1. 01 m 11111 111111.
11. 01 111101 10 11 1110 11 111
ms.
m. 01 111 110010 mse, 01 111·
001 001001.
1 111. 01111 110010 1011 001001.
11. 01 111 110010 mm.
Ι 1. 01 111 111101 1011, 100118,
110 10010 111.
11. 01111 111101 01 100111.

111, 01 111 1111 110 111101 01
010 110 01011111 111.

xm. 01 110011 110 01111 0010011
01 11018.
111. 01 111 mum 1010111111
01 1111111.
11. 01 111 1111011 101 0111111
01 1 1111.
111. 01 111011111οῙ11111110111
1111111101011111111101.
1111. 01 111 1111111011Ι 111111110
00011110 01 1110101 01
011111.
mn. 01 0101 01 11111 110 1110·
10111.
111. 0111111111010010 01 011·
101.

11. 01 110011110 00011, 110 01
1118110 011.
111. 01 111 1111111 010111.
xm. 01111 sm.
xxm. 01 1100111 110 1111118.
XXIV. oreon> 1111.
111. 01 111110 01 111 0010.
1111. 01 1111111.
xxm. 01 0010011 10 11 010010
11111 011 110 001.
111111. 101 omn 111 sm 0010018
111 10 11 1110 01.
xm. 01 1 111111111111101011.
111. 01 01110110 0010 101 10018,
110 01 0111110 111 1111.
xm. 101 0010 110 111111 111
1110 01 10011.
11111. 101 A 1101011 110111111110
11 10011 mn 111 110
1111101.
mm. 01 11111 1011 01 0101 101
0010 omum.
11111. 11011 0010011 111 mrum
101 10018,
1111. 01 m 11101 110 111 111-
1111110 01 romum
11111. 0101111111
mvn. 01 1111 01111.
1111111. 0111111111 cnm.
xxm. 01 011011 110 111101.
xl„ 01 111.

 

