446

Greek 31101,70,71.

(10000115. 17. 19. 395. 397.

(10000, 0011 (or 0001) 10100110, 47.

--— 3300101, 1000100, 47.

(10000 3,1000 133. 399. 401.

(1100 100110, 000010010110 00000,
0000010001, 72.

00001003, 00 3)·1001000, 35.

(1000110010, what, 88.

Gunpo wder, 1000010110 Greeks v

033000, 01110 ground 01, 23.

Η.

Ηο10 011030, 300110, 001 young 000,
0010000100, 9.

Hammm, 215.

Ηο001100 01 0101100010 1000100 md

1111ιο10005

1131101011, 10 00100, 133, 175.

1130310010, 30.

101130 ,.15 73.

10108010 make 49.

-1000013110001, 74.

-0013,100000101101100100,75.

101000011000010103 01000, 215.
10000110300110,221.

1010000011100300, 433.

1000, 01, 377. 440.

101031000, 1000 110101“ ’31000 39. 407.

10003, 0100013100103, 333. 440.

---—’ofreddening¹ 335.

--0-10000000003011130111001405.

103 and 10100 395.

ιι.
umbe, 000, 00.

1..

10000, 31. 391412.

10310 Intuli, 77.

——-— 10001100 lm, 133.

10300001, 3100100 work, 73.

10000, 11. 13. 17. 21.

fflrffl' 0⁷1⁷th 00000, ιι.

1010043311, 0110οι, 003300, hmo, 00
uon

Limbu's, ιι.

1100, with 0010000 on 00110, 17. 21.
11001000, 03.

1111000, painted, 27.

1000 omnm, 100, 113.

manea. Μ’

INDEX.

1101100110 work, 10000100, 219.

1100100, 11. 15. 17.19.21.

-- vehat, 81.

110 31100110, 443.

110000, what, 427.

1100001001, 53.

1111100, what, 103.

Minium, to 0010, 49.

-—- description 01, 32.

— 001 mixed with 300, 101 with
310100, 35.

Minium, 5. 13. 25. 39.

11000110, 0 solium, 59.

1100010 work, mvii.

14001110, iton, 10010010 0030 100 vin·
(1000147.

— 0000100,100 110 0000, 149.

—- 1000, 221.

Mum 000000, 34.

110110, 01, 333.

1110110, 01, 237. 423.
—- to 03313, 289.
-- 10 03313 0100, 243.
-— 10 301101, 257.
Nummus, 0101, 427.
1100000, 0011300, 30.

0.

00100, 13. 17. 19. 21.

-- 1001, 3.

011,110000(1,25. 27. 35. 94.

- 001001, 25. 335.

-p 333,03 3.25

- (103103, 97, 93.

0113 00011130 100 10030003 0010000,

Oleum lini, 94.

003000, 01, 341. 439.

—- 01110 0000 01, 345.

-- 01 110 wind 0000, 349.

-01110003300000010001100 md

110 1011000, 353.

00300000, 110, 217.

00310001, 18.

—-— 001 00011 0300 00110, 15.
--(100(013 tion 01, 35.

001310 0130101103, 480.

P.

10101103 0300 31000, 133137, 133, 139.
Panthu, οι 1000100, 239. 429.

Ρο1000, 01110, 231.

- 110 gold, 235.

300010, 391.

Ρο0001, 73.

Pipe, 01110, 233. 431.

 

